1
1.0079
2
4.0026
3
6.941
4
9.0122
5
10.811
6
12.0107
7
14.0067
9
18.9984
10
20.1797
11
22.9897
12
24.305
13
26.9815
14
28.0855
15
30.9738
16
32.065
17
35.453
18
39.948
19
39.0983
20
40.078
21
44.9559
22
47.867
23
50.9415
24
51.9961
25
54.938
26
55.845
27
58.9332
28
58.6934
29
63.546
30
65.39
31
69.723
33
74.9216
34
78.96
35
79.904
36
83.8
37
85.4678
38
87.62
39
88.9059
40
91.224
41
92.9064
42
95.94
43
98.0
44
101.07
46
106.42
47
107.8682
48
112.411
49
114.818
50
118.71
51
121.76
52
127.6
53
126.9045
54
131.293
56
137.327
57
138.9055
58
140.116
59
140.9077
60
144.24
61
145.0
62
150.36
63
151.964
64
157.25
65
158.9253
66
162.5
67
164.9303
68
167.259
69
168.9342
70
173.04
71
174.967
72
178.49
73
180.9479
74
183.84
75
186.207
77
192.217
78
195.078
79
196.9665
80
200.59
81
204.3833
82
207.2
83
208.9804
84
209.0
85
210.0
86
222.0
87
223.0
88
226.0
89
227.0
90
232.0381
91
231.0359
92
238.0289
93
237.0
94
244.0
95
243.0
96
247.0
97
247.0
98
251.0
99
252.0
100
257.0
101
258.0
103
262.0
104
261.0
105
262.0
106
266.0
107
264.0
108
277.0
109
268.0
