0.6046602879796196 0.9405090880450124
1 0 0
0.6645600532184904 0.4377141871869802
1 0 0
0.4246374970712657 0.6868230728671094
0 0 1
0.06563701921747622 0.15651925473279124
1 0 0
0.09696951891448456 0.30091186058528707
1 0 0
0.5152126285020654 0.8136399609900968
0 0 1
0.21426387258237492 0.380657189299686
1 0 0
0.31805817433032985 0.4688898449024232
1 0 0
0.28303415118044517 0.29310185733681576
1 0 0
0.6790846759202163 0.21855305259276428
0 1 0
0.20318687664732285 0.360871416856906
1 0 0
0.5706732760710226 0.8624914374478864
0 0 1
0.29311424455385804 0.29708256355629153
1 0 0
0.7525730355516119 0.2065826619136986
0 1 0
0.865335013001561 0.6967191657466347
1 0 0
0.5238203060500009 0.028303083325889995
1 0 0
0.15832827774512764 0.6072534395455154
1 0 0
0.9752416188605784 0.07945362337387198
1 0 0
0.5948085976830626 0.05912065131387529
1 0 0
0.692024587353112 0.30152268100656
0 1 0
0.17326623818270528 0.5410998550087353
1 0 0
0.544155573000885 0.27850762181610883
0 1 0
0.4231522015718281 0.5305857153507052
1 0 0
0.2535405005150605 0.28208099496492467
1 0 0
0.7886049150193449 0.3618054804803169
0 1 0
0.8805431227416171 0.2971122606397708
1 0 0
0.8943617293304537 0.09745461839911657
1 0 0
0.9769168685862624 0.07429099894984302
1 0 0
0.22228941700678773 0.6810783123925709
1 0 0
0.24151508854715265 0.31152244431052484
1 0 0
0.932846428518434 0.741848959991823
1 0 0
0.8010550426526613 0.7302314772948083
1 0 0
0.18292491645390843 0.4283570818068078
1 0 0
0.8969919575618727 0.6826534880132438
1 0 0
0.9789293555766876 0.9222122589217269
1 0 0
0.09083727535388708 0.4931419977048804
1 0 0
0.9269868035744142 0.9549454404167818
1 0 0
0.3479539636282229 0.6908388315056789
0 0 1
0.7109071952999951 0.5637795958152644
1 0 0
0.6494894605929404 0.5517650490127749
1 0 0
0.7558235074915978 0.40380328579570035
0 1 0
0.13065111702897217 0.9859647293402467
1 0 0
0.8963417453962161 0.3220839705208817
1 0 0
0.7211477651926741 0.6445397825093294
1 0 0
0.08552050754191123 0.6695752976997745
1 0 0
0.6227283173637045 0.3696928436398219
0 1 0
0.2368225468054852 0.5352818906344061
1 0 0
0.18724610140105305 0.2388407028053186
1 0 0
0.6280981712183633 0.1267529293726013
0 1 0
0.28133029380535923 0.41032284435628247
1 0 0
0.43491247389145765 0.6250950283005304
0 0 1
0.5501469205077233 0.6236088264529301
0 0 1
0.7291807267342981 0.8305339189948062
1 0 0
0.0005138155161213613 0.7360686014954314
1 0 0
0.39998376285699544 0.497868113342702
1 0 0
0.6039781022829275 0.40961827788499267
1 0 0
0.02967128127488647 0.0019038945142366389
1 0 0
0.0028430411748625642 0.915821314612957
1 0 0
0.5898341850049194 0.559392449071014
0 0 1
0.8154051709333606 0.8780117586524
1 0 0
0.4584424785756506 0.6001655953233308
0 0 1
0.02626515060968944 0.8458327872480417
1 0 0
0.24969320116349378 0.641784290799583
1 0 0
0.24746660783662855 0.17365584472313275
1 0 0
0.5926237532124455 0.8143945509670211
0 0 1
0.6938381365172095 0.03032254783300687
1 0 0
0.539210105890946 0.9756748149873165
1 0 0
0.7507630564795985 0.2940063127950149
0 1 0
0.7531612777367586 0.150964044979607
0 1 0
0.35576726540923664 0.8319308529698163
1 0 0
0.2318300419376769 0.6278346050000227
1 0 0
0.4983943012759756 0.08983608926036683
1 0 0
0.02519395979489504 0.3922161831540248
1 0 0
0.5893830864007992 0.9296116354490302
1 0 0
0.572086801443084 0.5885763451434821
0 0 1
0.4117626883450162 0.5525803898142438
0 0 1
0.49160739613162047 0.9579539135375136
1 0 0
0.7972085409108028 0.10738111282075208
0 1 0
0.7830349733960021 0.3932509992288867
0 1 0
0.1304138461737918 0.19003276633920804
1 0 0
0.7398257810158336 0.6540414092312797
1 0 0
0.09838378898573259 0.5203802857122278
1 0 0
0.09972966371993512 0.15184340208190175
1 0 0
0.07619026230375504 0.3152080853201245
1 0 0
0.15965092146489504 0.13780406161952607
1 0 0
0.32261068286779754 0.5390745170394794
1 0 0
0.5708516273454957 0.5127817581110815
1 0 0
0.6841751300974551 0.6530402051353608
1 0 0
0.524499759549865 0.654270134424146
0 0 1
0.7163683749016712 0.6366442140381798
1 0 0
0.012825909106361078 0.030682195787138565
1 0 0
0.098030874806305 0.3691117091643448
1 0 0
0.826454125634742 0.34768170859156955
0 1 0
0.3443150177263606 0.2529998236478441
1 0 0
0.21647114665497036 0.5550021356347942
1 0 0
0.4020708452718306 0.5064970636764183
1 0 0
0.16867966833433606 0.33136826030698385
1 0 0
0.8279280961505588 0.7002878731458151
1 0 0
0.05792625966433577 0.9991594902203332
1 0 0
0.411540363220476 0.11167463676480495
1 0 0
